0.40657
-0.800365
-1.56944
-0.0777881
-0.115811
-0.382785
-0.965987
-0.369602
0.470744
-1.03718
-0.260637
0.661734
0.0848882
-0.304682
0.253844
-1.36205
1.30606
-0.55521
1.35686
-0.513811
0.932447
-0.196057
0.89199
1.31906
0.925673
-0.723326
0.447659
0.187893
0.517244
-0.458705
-0.224126
-0.524065
-0.687515
-0.537844
-1.27037
-0.402499
-0.0476182
0.283974
1.3364
0.254148
-0.254424
0.374774
0.0749633
0.104658
-0.439089
-0.0108103
-0.359381
-0.586625
0.543858
-0.581769
-0.0320453
-0.699951
-0.146266
-0.435201
0.484995
0.938063
0.980337
0.62291
1.28865
-0.187789
-0.554326
-0.686301
0.105098
-0.180602
-0.452585
-0.13127
-0.253657
-0.396169
0.177013
0.468095
0.144112
0.0843988
-0.387019
-0.122185
0.00469293
-0.317177
-0.284179
0.13503
-0.131113
0.412612
0.306414
0.380197
0.187581
-0.355732
0.337137
-0.12807
-0.0868913
0.328246
-0.0885032
0.10808
-0.15402
-0.181834
0.0170619
0.232392
-0.0331534
-0.0909189
-0.214042
-0.269342
0.0407089
0.102535
-0.00286758
0.0561277
-0.00526349
-0.277055
0.0165294
-0.00799374
-0.242844
-0.140872
0.0153462
-0.0387626
-0.00923165
0.177838
-0.0733403
0.33648
0.203813
-0.126953
0.0831887
0.116845
-0.138923
-0.267804
0.0998772
0.00441189
-0.169183
-0.141683
-0.0525632
-0.188421
0.0787272
-0.334637
0.130546
-0.138989
0.0476597
0.0227285
-0.192396
0.0679198
0.0311979
0.0246787
0.209386
-0.0806464
-0.0350657
0.0742624
0.015694
-0.089878
0.180977
-0.0489788
-0.0741018
-0.12416
0.167586
-0.0100997
0.0234084
0.0483729
0.0510987
-0.104714
-0.0687499
-0.0095969
-0.0177234
0.167976
-0.17072
-0.0503284
0.0850672
0.0758849
-0.0268184
-0.0318077
0.143499
-0.0604384
0.0773142
-0.066687
-0.038602
0.0275442
0.0471639
-0.128637
0.0463352
0.0453754
-0.0353204
0.0312373
-0.0442977
0.0195155
0.0334635
0.0361154
-0.0399341
-0.0163499
-0.0557926
-0.111182
-0.00532221
0.000919391
0.0347835
-0.0678193
-0.0244626
0.0464864
0.0400862
-0.018995
-0.00237429
0.0302588
0.0429485
-0.0553454
-0.0905347
0.0313416
0.0272546
0.0448823
0.00886149
